[6.001677352999712e-13;;]
[6.074567909455232e-13;;]
[6.038137838364064e-14;;]
[6.002840692636009e-13;;]
[6.073376605136946e-13;;]
[6.038272692305876e-14;;]
[1.5267722689404679e-12;;]
[2.5930411168591124e-12;;]
[8.894285236476422e-13;;]
[0.045634004421494866;;]
[6.95306047916078e-5 -1.775830406526671e-13 -2.0530517575898295e-13 -6.953060295654891e-6; -1.775830406526671e-13 1.0630299990169978e-13 1.3409957675648073e-14 1.7766642260553785e-14; -2.0530517575898295e-13 1.3409957675648073e-14 4.603366413615247e-15 1.8953503691356906e-14; -6.953060295654891e-6 1.7766642260553785e-14 1.8953503691356906e-14 6.953060141266176e-7]
[7.061787124275336e-5 -7.1336460657381146e-12 5.294719584030789e-11 7.061839835234819e-6; -7.1336460657381146e-12 2.5406979238772638e-12 2.6595838796261175e-12 1.7327034918949985e-12; 5.294719584030789e-11 2.6595838796261175e-12 4.027799105146508e-12 9.095763835095414e-12; 7.061839835234819e-6 1.7327034918949985e-12 9.095763835095414e-12 7.061928533487272e-7]
[3.777710457679091e-5 -7.0366019461762826e-6 -2.426301441762571e-6 -1.3532732381004274e-7; -7.0366019461762826e-6 2.527683046060019e-6 4.498979080728488e-7 -9.564093171666006e-9; -2.426301441762571e-6 4.498979080728488e-7 2.0311518279556135e-7 1.680940107185805e-8; -1.3532732381004274e-7 -9.564093171666006e-9 1.680940107185805e-8 1.666699988954886e-7]
[7.625258506174886e-5 5.727276983911911e-13 -7.625258584756046e-6 2.1374432092726117e-13; 5.727276983911911e-13 1.521358369961717e-13 -4.127838924912337e-14 3.2092440776556727e-15; -7.625258584756046e-6 -4.127838924912337e-14 7.625258703061702e-7 -2.1994310662230772e-14; 2.1374432092726117e-13 3.2092440776556727e-15 -2.1994310662230772e-14 2.358626466484216e-15]
[8.226416720326871e-5 -1.85216133141668e-11 8.226306742289635e-6 -1.0641387325699825e-10; -1.85216133141668e-11 3.0982723775252366e-13 -1.521330027561473e-12 2.9177171612474205e-13; 8.226306742289635e-6 -1.521330027561473e-12 8.226212739683588e-7 -9.090041103484292e-12; -1.0641387325699825e-10 2.9177171612474205e-13 -9.090041103484292e-12 1.5190531147914024e-12]
[2.8040088743710655e-5 1.1129813677013747e-6 -3.608246206575202e-7 -2.0119421845157053e-6; 1.1129813677013747e-6 2.778128295365634e-6 1.6661012502864354e-7 -3.935934750637705e-7; -3.608246206575202e-7 1.6661012502864354e-7 1.982259816146152e-7 2.4052581900903117e-8; -2.0119421845157053e-6 -3.935934750637705e-7 2.4052581900903117e-8 2.326479524621858e-7]
[2.7277262752625652e-12 -4.3784990367121026e-13 -1.5498488625965096e-13 -1.3674848062055264e-13; -4.3784990367121026e-13 5.476584743862001e-13 7.106821561632924e-14 3.5460252038465905e-16; -1.5498488625965096e-13 7.106821561632924e-14 2.6245718461836575e-14 6.8090924717483484e-15; -1.3674848062055264e-13 3.5460252038465905e-16 6.8090924717483484e-15 2.080297596519757e-14]
[4.351438566381661e-12 1.3257269071195133e-12 -1.7931060139157377e-13 -4.574340619352908e-14; 1.3257269071195133e-12 1.6319807566831925e-12 8.05296785767767e-14 4.718984988252908e-14; -1.7931060139157377e-13 8.05296785767767e-14 3.137844771069751e-14 5.567334209078087e-15; -4.574340619352908e-14 4.718984988252908e-14 5.567334209078087e-15 1.2637655109808564e-14]
[1.4217763809876328e-12 -2.6812411250036616e-13 -1.380746946348168e-13 -4.578364476308654e-14; -2.6812411250036616e-13 1.0185935203298045e-12 1.5841080461836947e-13 2.6007563031788492e-14; -1.380746946348168e-13 1.5841080461836947e-13 3.621669136060159e-14 6.020801163958627e-15; -4.578364476308654e-14 2.6007563031788492e-14 6.020801163958627e-15 6.492715216138601e-15]
[4.495654826562346e-13;;]
[4.571567684444436e-13;;]
[4.533611648295852e-14;;]
[4.5178820601175543e-13;;]
[4.548810393167645e-13;;]
[4.533429471054372e-14;;]
[1.08047155111071e-12;;]
[2.171612041123973e-12;;]
[6.265586408077884e-13;;]
[0.04058889227506611;;]
[4.836881160822847e-5 7.195372099682806e-13 2.2746640071013746e-13 -4.8368812687326806e-6; 7.195372099682806e-13 6.063772625152036e-14 6.714359140564671e-15 -7.421338517270913e-14; 2.2746640071013746e-13 6.714359140564671e-15 3.2346572669560493e-15 -2.414085866338659e-14; -4.8368812687326806e-6 -7.421338517270913e-14 -2.414085866338659e-14 4.836881402396244e-7]
[4.682093369181283e-5 -2.2594881764304609e-10 -4.3898429090846657e-10 4.681671177740244e-6; -2.2594881764304609e-10 1.0914571528682607e-12 1.2304768818364184e-12 -2.144772301530525e-11; -4.3898429090846657e-10 1.2304768818364184e-12 2.224978552396652e-12 -4.176987669484638e-11; 4.681671177740244e-6 -2.144772301530525e-11 -4.176987669484638e-11 4.6812694210763335e-7]
[3.170895448826425e-5 -6.61518570894563e-6 -2.3085049179263796e-6 4.090888009890211e-7; -6.61518570894563e-6 2.8283660495641734e-6 5.536156468104608e-7 -9.091511452531283e-8; -2.3085049179263796e-6 5.536156468104608e-7 1.9786823297065095e-7 -3.714788928306748e-8; 4.090888009890211e-7 -9.091511452531283e-8 -3.714788928306748e-8 1.450356931183298e-7]
[2.4641924909820556e-5 2.1970078589243694e-12 -2.4641925429170524e-6 3.0759661025666663e-13; 2.1970078589243694e-12 7.070741479494953e-14 -2.144047799155503e-13 -1.0151776924914378e-16; -2.4641925429170524e-6 -2.144047799155503e-13 2.464192618032676e-7 -3.1341490983974636e-14; 3.0759661025666663e-13 -1.0151776924914378e-16 -3.1341490983974636e-14 1.9215432507720024e-15]
[2.6363746828303902e-5 -7.119647812004962e-11 2.6360790636922195e-6 -2.8367429433716706e-10; -7.119647812004962e-11 3.063216101314418e-13 -6.76330407063184e-12 3.110109952917773e-13; 2.6360790636922195e-6 -6.76330407063184e-12 2.635795973488618e-7 -2.717090559319962e-11; -2.8367429433716706e-10 3.110109952917773e-13 -2.717090559319962e-11 1.1541334631701957e-12]
[2.735261658311006e-5 -1.8084082117736866e-6 1.9662603623409402e-7 -1.8109830330877696e-6; -1.8084082117736866e-6 2.8617410321957885e-6 7.610640323620575e-8 -3.7584208295270644e-7; 1.9662603623409402e-7 7.610640323620575e-8 7.553070800040487e-8 -2.9470571313247897e-8; -1.8109830330877696e-6 -3.7584208295270644e-7 -2.9470571313247897e-8 2.2686658383553904e-7]
[2.125597535693966e-12 -3.4157943344022494e-13 -1.0339163770545034e-13 -8.653779193118644e-14; -3.4157943344022494e-13 3.4504403162920013e-13 2.857609371536215e-14 -1.4292419420574295e-14; -1.0339163770545034e-13 2.857609371536215e-14 1.5568704448958775e-14 4.101706375845961e-15; -8.653779193118644e-14 -1.4292419420574295e-14 4.101706375845961e-15 1.6310160292862155e-14]
[3.499836426645436e-12 7.675148544639248e-13 -1.8515147567495264e-13 -4.6613143377470585e-14; 7.675148544639248e-13 1.0143144257201093e-12 5.5366147408995464e-14 2.7115693428673984e-14; -1.8515147567495264e-13 5.5366147408995464e-14 2.9116825848408585e-14 5.244531716088559e-15; -4.6613143377470585e-14 2.7115693428673984e-14 5.244531716088559e-15 1.0703703196514835e-14]
[1.2419424461313882e-12 -2.0385469122489372e-13 -1.17664479972498e-13 -3.33473898074742e-14; -2.0385469122489372e-13 4.917464617963272e-13 7.863516956070081e-14 5.369093498837228e-15; -1.17664479972498e-13 7.863516956070081e-14 2.3271253627507756e-14 3.1058309640347696e-15; -3.33473898074742e-14 5.369093498837228e-15 3.1058309640347696e-15 5.34017223208409e-15]
[0.0061743862545636935 -0.001529525095134986 -0.0006556791797857706 0.0008010139419253317; -0.001529525095134986 0.0029825845054570616 0.002654493808759699 -0.003689471619380666; -0.0006556791797857706 0.002654493808759699 0.010007330192388607 -0.0012301075540463516; 0.0008010139419253317 -0.003689471619380666 -0.0012301075540463516 0.007848903077698572]
[0.00580265536329071 -0.001685348445756515 -0.0005218366521986093 0.0022593455615197186; -0.001685348445756515 0.004056219036217226 0.0016607974187238814 -0.006294208266699561; -0.0005218366521986093 0.0016607974187238814 0.009411586558637483 0.0012081920340874647; 0.0022593455615197186 -0.006294208266699561 0.0012081920340874647 0.014114229950071453]
[0.0012097074752863896 -0.0008529939276194939 -0.0004178909513744983 0.001223371394525672; -0.0008529939276194939 0.0014918378248713002 0.0008665302551829288 -0.0023290009682957174; -0.0004178909513744983 0.0008665302551829288 0.0020203880028227023 -0.0007365005626715047; 0.001223371394525672 -0.0023290009682957174 -0.0007365005626715047 0.004218807806634864]
[0.005882105338277813 -0.0017043800655776428 -0.0018183891528973158 0.001364034794322343; -0.0017043800655776428 0.003752877417256904 0.004062990651806454 -0.0043771011754787014; -0.0018183891528973158 0.004062990651806454 0.01604601941077017 -0.0004185969318240291; 0.001364034794322343 -0.0043771011754787014 -0.0004185969318240291 0.009205239007563265]
[0.0059842326632607735 -0.0015155966327390655 -0.00022593822300836966 0.0013133293385312916; -0.0015155966327390655 0.003208662037933643 0.001573322510704106 -0.004775311468637535; -0.00022593822300836966 0.001573322510704106 0.0069410293782636795 -0.0002765513083999419; 0.0013133293385312916 -0.004775311468637535 -0.0002765513083999419 0.010726884954677798]
[0.001097119811358797 -0.0006602268032180268 -0.0005854113283914363 0.0007807665097447457; -0.0006602268032180268 0.0011315640643114902 0.0010101289023745472 -0.001579280825728574; -0.0005854113283914363 0.0010101289023745472 0.002503886148630171 -0.0007433495150180286; 0.0007807665097447457 -0.001579280825728574 -0.0007433495150180286 0.002807115710884837]
[0.016551698343640658 -0.0024726081291018003 0.0030173963774637416 -0.004189644943960708; -0.0024726081291018003 0.003420555103995669 0.002489806575213753 -0.003658109668806439; 0.0030173963774637416 0.002489806575213753 0.016339118590053308 -0.0022041462925855492; -0.004189644943960708 -0.003658109668806439 -0.0022041462925855492 0.013711511888613304]
[0.02230031680207581 0.013192516979857552 0.002125940873256082 -0.00575066243236896; 0.013192516979857552 0.02374020107947186 0.006062772477458739 -0.017460353559146883; 0.002125940873256082 0.006062772477458739 0.013520617395333896 -0.0006945209210181664; -0.00575066243236896 -0.017460353559146883 -0.0006945209210181664 0.02158075492767772]
[0.4703638801800227 0.20627662589451556 0.11880626050866781 -0.24944343224241225; 0.20627662589451556 0.0943603585950998 0.054145695877980085 -0.11388671956102779; 0.11880626050866781 0.054145695877980085 0.03806303927348564 -0.06309748072372774; -0.24944343224241225 -0.11388671956102779 -0.06309748072372774 0.1411137239136295]
[0.40069921386341517 -0.19895503991570646 -0.03422275736925101 0.0689163417101005; -0.19895503991570646 0.304305989457601 -0.014750988027028837 0.02110990267729483; -0.03422275736925101 -0.014750988027028837 0.03050861463798889 -0.006339319117998177; 0.0689163417101005 0.02110990267729483 -0.006339319117998177 0.06855471232031121]
[1.5468725086553727e-9 1.034419496054696e-9 2.096685838491775e-10 -5.475911667936898e-10 -5.572347621091069e-10 2.7904888780014315e-11 1.1466274592866008e-11 -1.0852081591812495e-10 -4.360963763066223e-11 5.036680214591777e-11; 1.034419496054696e-9 1.7450080980155145e-9 2.913113791633201e-10 -6.629146678631076e-10 -7.770140643314182e-10 6.948061566335574e-11 2.581442743318707e-11 -1.5819066536222716e-10 -6.396697094228722e-11 6.958142753136646e-11; 2.096685838491775e-10 2.913113791633201e-10 6.327174568948859e-11 -1.301833418427014e-10 -1.3281290878615383e-10 1.1054858925504046e-11 4.153912687504096e-12 -2.816125487321966e-11 -1.2082069863884552e-11 1.3186916942434852e-11; -5.475911667936898e-10 -6.629146678631076e-10 -1.301833418427014e-10 3.3411437363065435e-10 3.271552035725931e-10 -3.9109116022798094e-11 -1.1458111563522822e-11 5.4556338107579966e-11 2.73137993685444e-11 -3.338158899454875e-11; -5.572347621091069e-10 -7.770140643314182e-10 -1.3281290878615383e-10 3.271552035725931e-10 3.8633898493722946e-10 -3.729723723709296e-11 -1.256168242578008e-11 6.648353384210585e-11 3.054624123426883e-11 -3.414823154451051e-11; 2.7904888780014315e-11 6.948061566335574e-11 1.1054858925504046e-11 -3.9109116022798094e-11 -3.729723723709296e-11 9.952262721498094e-12 1.9114220553293832e-12 -2.3194176596799677e-12 -2.933975345129267e-12 4.245429114751163e-12; 1.1466274592866008e-11 2.581442743318707e-11 4.153912687504096e-12 -1.1458111563522822e-11 -1.256168242578008e-11 1.9114220553293832e-12 5.62321807722415e-13 -1.8254825014528715e-12 -1.0328016312873024e-12 1.2381598291928706e-12; -1.0852081591812495e-10 -1.5819066536222716e-10 -2.816125487321966e-11 5.4556338107579966e-11 6.648353384210585e-11 -2.3194176596799677e-12 -1.8254825014528715e-12 1.8823326019479186e-11 5.681921981491318e-12 -5.490751946089398e-12; -4.360963763066223e-11 -6.396697094228722e-11 -1.2082069863884552e-11 2.73137993685444e-11 3.054624123426883e-11 -2.933975345129267e-12 -1.0328016312873024e-12 5.681921981491318e-12 2.62771497032119e-12 -2.8631185073197252e-12; 5.036680214591777e-11 6.958142753136646e-11 1.3186916942434852e-11 -3.338158899454875e-11 -3.414823154451051e-11 4.245429114751163e-12 1.2381598291928706e-12 -5.490751946089398e-12 -2.8631185073197252e-12 3.427524272624778e-12]
[3.45300512212608e-9 3.2553508441881527e-10 3.4976192133433157e-10 -6.956830499693397e-10 -6.818703826963229e-10 -8.784918786645017e-11 -2.5637370367943567e-11 1.3145221552800318e-10 7.940332883656695e-11 -6.525938252249376e-11; 3.2553508441881527e-10 4.216426817096741e-10 8.021330716989116e-11 -1.0606244922970206e-10 -2.167620650101988e-10 -2.7927370203790944e-11 1.730646667654449e-12 2.736419970850803e-11 6.09888693953703e-12 -9.50148874173299e-12; 3.4976192133433157e-10 8.021330716989116e-11 7.27512394122533e-11 -1.2211193636091248e-10 -9.70809984350798e-11 -6.288707271891539e-12 -1.226973823077998e-12 1.8883525530534286e-11 1.2837245182448007e-11 -1.0781527946606154e-11; -6.956830499693397e-10 -1.0606244922970206e-10 -1.2211193636091248e-10 2.598248686680401e-10 1.862516640570345e-10 7.438266862118821e-12 4.269678151519355e-12 -5.754216129649063e-11 -3.087786353490521e-11 1.9855460307390383e-11; -6.818703826963229e-10 -2.167620650101988e-10 -9.70809984350798e-11 1.862516640570345e-10 2.2591601577910003e-10 2.3749072697007487e-11 2.9791126093678e-12 -4.06504626033062e-11 -1.9135710682580113e-11 1.5539696123556754e-11; -8.784918786645017e-11 -2.7927370203790944e-11 -6.288707271891539e-12 7.438266862118821e-12 2.3749072697007487e-11 8.117769088417941e-12 1.1486796438741267e-12 -3.0178561122878985e-12 -8.938403992794372e-13 1.0509847379496598e-12; -2.5637370367943567e-11 1.730646667654449e-12 -1.226973823077998e-12 4.269678151519355e-12 2.9791126093678e-12 1.1486796438741267e-12 5.418006245716876e-13 -1.7934570328883423e-12 -7.975331715326434e-13 2.8711570585668515e-13; 1.3145221552800318e-10 2.736419970850803e-11 1.8883525530534286e-11 -5.754216129649063e-11 -4.06504626033062e-11 -3.0178561122878985e-12 -1.7934570328883423e-12 2.148382799196792e-11 8.141752716856394e-12 -3.4120066345819473e-12; 7.940332883656695e-11 6.09888693953703e-12 1.2837245182448007e-11 -3.087786353490521e-11 -1.9135710682580113e-11 -8.938403992794372e-13 -7.975331715326434e-13 8.141752716856394e-12 4.0792211796075e-12 -2.2093558320658642e-12; -6.525938252249376e-11 -9.50148874173299e-12 -1.0781527946606154e-11 1.9855460307390383e-11 1.5539696123556754e-11 1.0509847379496598e-12 2.8711570585668515e-13 -3.4120066345819473e-12 -2.2093558320658642e-12 1.7955918942798961e-12]
[0.07122215760122123 0.028441884124040112 0.00908389786594378 -0.015855411093758813 -0.02511941441900252 -0.001478219458378025 -6.910981364348212e-5 0.0021353843416663126 0.0006507204291056968 -0.0008537302743576548; 0.028441884124040112 0.01627763846299753 0.0032711146757732554 -0.007899208118734293 -0.01162813191164128 -0.00011087521704255178 4.945269088903778e-6 0.0004824850888562485 -0.00022706990177453606 0.0003593028706897205; 0.00908389786594378 0.0032711146757732554 0.001247723060645837 -0.00196700435254179 -0.0028842134751278755 -0.0001378329449742406 -5.626313602490505e-6 4.656117371498043e-5 8.055957074890585e-5 -0.00012891303807937746; -0.015855411093758813 -0.007899208118734293 -0.00196700435254179 0.0040828975357638875 0.005913022864704609 9.759904327607401e-5 -9.38553577987507e-8 -0.00012465208430992886 4.5032586579778306e-5 -6.13464306218022e-5; -0.02511941441900252 -0.01162813191164128 -0.0028842134751278755 0.005913022864704609 0.010034416136282375 0.0006409027568072441 3.167261615611883e-5 -0.0014465374510405785 -0.00019291284912416762 0.00017270960686600794; -0.001478219458378025 -0.00011087521704255178 -0.0001378329449742406 9.759904327607401e-5 0.0006409027568072441 0.00019271758532988454 1.209106103172789e-5 -0.00042134566034012866 -0.00011186097621433661 0.0001274059975090772; -6.910981364348212e-5 4.945269088903778e-6 -5.626313602490505e-6 -9.38553577987507e-8 3.167261615611883e-5 1.209106103172789e-5 7.682106138661061e-7 -2.665235209286576e-5 -7.156601089483687e-6 8.150818927493113e-6; 0.0021353843416663126 0.0004824850888562485 4.656117371498043e-5 -0.00012465208430992886 -0.0014465374510405785 -0.00042134566034012866 -2.665235209286576e-5 0.0010999338854069181 0.00020665656907115686 -0.00020083985202039626; 0.0006507204291056968 -0.00022706990177453606 8.055957074890585e-5 4.5032586579778306e-5 -0.00019291284912416762 -0.00011186097621433661 -7.156601089483687e-6 0.00020665656907115686 7.660915879298919e-5 -9.540199837473643e-5; -0.0008537302743576548 0.0003593028706897205 -0.00012891303807937746 -6.13464306218022e-5 0.00017270960686600794 0.0001274059975090772 8.150818927493113e-6 -0.00020083985202039626 -9.540199837473643e-5 0.0001247971058941971]
[9.366280823455542e-10 -2.653368334924742e-10 -5.1696886772691885e-11 -5.2471624019165886e-11 2.0200965488278034e-11 -1.788796322901614e-11 -8.924698403935607e-12 -5.0279439261757136e-12 1.2103181263624326e-11 -5.4895563670149915e-12; -2.653368334924742e-10 6.418540512339461e-10 -1.3102276565372667e-10 6.523024969144087e-11 -2.0272694965358342e-10 -2.5025050488874678e-11 2.129737256312135e-11 3.117285330698494e-11 -1.592810897211811e-11 7.865613916889496e-12; -5.1696886772691885e-11 -1.3102276565372667e-10 1.0338207361095297e-10 -8.254354452866286e-12 6.632375336173148e-11 -8.319832967044177e-13 -9.950049267213185e-12 -2.8593077533126643e-11 1.1317616786109893e-12 -2.745750452976055e-12; -5.2471624019165886e-11 6.523024969144087e-11 -8.254354452866286e-12 1.6639568129594454e-11 -1.8518976186507923e-11 -3.5784611266665734e-12 2.101825739655814e-12 1.5306883263079834e-12 -2.846648078098649e-12 5.609254790818935e-13; 2.0200965488278034e-11 -2.0272694965358342e-10 6.632375336173148e-11 -1.8518976186507923e-11 9.605844878309655e-11 5.4752021830005236e-12 -8.648622063368804e-12 -1.742078766945858e-11 5.179644091211332e-12 -3.189684111982885e-12; -1.788796322901614e-11 -2.5025050488874678e-11 -8.319832967044177e-13 -3.5784611266665734e-12 5.4752021830005236e-12 5.926518789953393e-12 1.463864486194897e-13 1.7452508906388574e-12 5.198783654292972e-13 2.1786220573414152e-13; -8.924698403935607e-12 2.129737256312135e-11 -9.950049267213185e-12 2.101825739655814e-12 -8.648622063368804e-12 1.463864486194897e-13 1.2617730326827848e-12 2.7012778019241274e-12 -4.867986895096106e-13 4.064789531134421e-13; -5.0279439261757136e-12 3.117285330698494e-11 -2.8593077533126643e-11 1.5306883263079834e-12 -1.742078766945858e-11 1.7452508906388574e-12 2.7012778019241274e-12 1.1482087046180439e-11 2.0545500098322273e-14 9.097901460367596e-13; 1.2103181263624326e-11 -1.592810897211811e-11 1.1317616786109893e-12 -2.846648078098649e-12 5.179644091211332e-12 5.198783654292972e-13 -4.867986895096106e-13 2.0545500098322273e-14 7.004891723144761e-13 -2.0096087713137634e-13; -5.4895563670149915e-12 7.865613916889496e-12 -2.745750452976055e-12 5.609254790818935e-13 -3.189684111982885e-12 2.1786220573414152e-13 4.064789531134421e-13 9.097901460367596e-13 -2.0096087713137634e-13 1.7468509058290904e-13]
[1.3266937532302198e-9 -2.0948583256644862e-12 -7.052185700471053e-12 1.5843243278797062e-11 -1.602129761601682e-10 -5.619651733011374e-11 -1.4166265464509668e-11 -2.037564302024894e-11 -3.760883848181421e-12 -5.459855592810835e-12; -2.0948583256644862e-12 3.3925909524299746e-10 -7.768622845063096e-12 1.9692037800421506e-11 -1.2699018081245656e-10 1.1407769866174521e-11 1.7528426658157878e-12 -1.9264698803810024e-11 -5.239605136560192e-12 2.1056373628276794e-12; -7.052185700471053e-12 -7.768622845063096e-12 8.384229067081394e-12 -4.4084616627258e-13 4.327317656576881e-12 -3.515649366202701e-12 6.85111397792795e-14 -2.518030381165083e-12 -6.947902899179199e-13 -2.1502465199094344e-13; 1.5843243278797062e-11 1.9692037800421506e-11 -4.4084616627258e-13 9.145903590634741e-12 -8.410376903751776e-12 -2.990078183203092e-12 -2.3267652806809416e-13 -3.927044081864223e-12 -5.648840105525125e-13 -5.964171145815248e-13; -1.602129761601682e-10 -1.2699018081245656e-10 4.327317656576881e-12 -8.410376903751776e-12 9.059912117425018e-11 4.568649803199996e-12 3.4677549209325567e-13 1.1743487050965854e-11 3.253813688434281e-12 -4.2200086386866576e-13; -5.619651733011374e-11 1.1407769866174521e-11 -3.515649366202701e-12 -2.990078183203092e-12 4.568649803199996e-12 6.9603230955947626e-12 7.141122537965722e-13 2.388611914919937e-12 4.619298313497548e-13 6.121009114464428e-13; -1.4166265464509668e-11 1.7528426658157878e-12 6.85111397792795e-14 -2.3267652806809416e-13 3.4677549209325567e-13 7.141122537965722e-13 2.4077592169111415e-13 1.7945129389424873e-14 -5.4287411254882404e-14 8.278820515982287e-14; -2.037564302024894e-11 -1.9264698803810024e-11 -2.518030381165083e-12 -3.927044081864223e-12 1.1743487050965854e-11 2.388611914919937e-12 1.7945129389424873e-14 4.855011632719639e-12 8.661594036023979e-13 2.655529017067655e-13; -3.760883848181421e-12 -5.239605136560192e-12 -6.947902899179199e-13 -5.648840105525125e-13 3.253813688434281e-12 4.619298313497548e-13 -5.4287411254882404e-14 8.661594036023979e-13 2.857029063283038e-13 -1.3746532235712198e-14; -5.459855592810835e-12 2.1056373628276794e-12 -2.1502465199094344e-13 -5.964171145815248e-13 -4.2200086386866576e-13 6.121009114464428e-13 8.278820515982287e-14 2.655529017067655e-13 -1.3746532235712198e-14 1.229979503880178e-13]
[0.0005078956606598086 -0.0009800074220952658 -7.936985348340445e-5 -0.00028813104061789567 0.00015765314968289588 0.00028902160103673783 -2.8836152069462294e-5 6.512693704077853e-5 6.735655362069227e-5 3.263145974758935e-7; -0.0009800074220952658 0.0021116066881592386 1.1561449528200632e-5 0.0005398773195007229 -0.00046140951820484164 -0.0005082323235797556 6.74720083003487e-5 -7.362684289995216e-5 -0.00012851406727184454 6.7066809903166535e-6; -7.936985348340445e-5 1.1561449528200632e-5 0.00010326112242196695 5.534853072024984e-5 7.624735771216214e-5 -7.689743076711773e-5 -3.086052387374288e-6 -4.357135703809349e-5 -1.1458650760257721e-5 -4.7588103321036725e-6; -0.00028813104061789567 0.0005398773195007229 5.534853072024984e-5 0.00016463041046737282 -7.797651483331896e-5 -0.00016756783679168906 1.5496346084007063e-5 -4.07403965799595e-5 -3.8317586701931794e-5 -7.199414630007444e-7; 0.00015765314968289588 -0.00046140951820484164 7.624735771216214e-5 -7.797651483331896e-5 0.00016095316246155333 5.448062186322631e-5 -1.7381039147341532e-5 -1.686318863752283e-5 1.9872162420953805e-5 -5.1260414630225725e-6; 0.00028902160103673783 -0.0005082323235797556 -7.689743076711773e-5 -0.00016756783679168906 5.448062186322631e-5 0.00017555181279124344 -1.3757851404179321e-5 4.8723513295548956e-5 3.8655474993180275e-5 1.8298630111899717e-6; -2.8836152069462294e-5 6.74720083003487e-5 -3.086052387374288e-6 1.5496346084007063e-5 -1.7381039147341532e-5 -1.3757851404179321e-5 2.2716310911140282e-6 -9.071482770387465e-7 -3.746279616836587e-6 3.748715584404319e-7; 6.512693704077853e-5 -7.362684289995216e-5 -4.357135703809349e-5 -4.07403965799595e-5 -1.686318863752283e-5 4.8723513295548956e-5 -9.071482770387465e-7 2.0624717245554793e-5 8.979871018505546e-6 1.7721513884893477e-6; 6.735655362069227e-5 -0.00012851406727184454 -1.1458650760257721e-5 -3.8317586701931794e-5 1.9872162420953805e-5 3.8655474993180275e-5 -3.746279616836587e-6 8.979871018505546e-6 8.942328401795136e-6 9.160393592561575e-8; 3.263145974758935e-7 6.7066809903166535e-6 -4.7588103321036725e-6 -7.199414630007444e-7 -5.1260414630225725e-6 1.8298630111899717e-6 3.748715584404319e-7 1.7721513884893477e-6 9.160393592561575e-8 2.4414608907785363e-7]
[2.4305649051882313e-9 -5.099024052431311e-10 -5.488141346939398e-11 -2.826271506935749e-11 -6.722895835240243e-11 -7.020814539208993e-11 -2.666174868224712e-11 1.2076175577266486e-11 7.640780644900366e-12 -1.0927561978719276e-11; -5.099024052431311e-10 8.024697481097971e-10 2.5279391181174248e-11 3.532552457535439e-11 -2.564792321514211e-10 2.804284560182533e-12 6.796276368375581e-12 -3.0269253516519806e-11 -1.1558728417564223e-11 5.820301056356237e-12; -5.488141346939398e-11 2.5279391181174248e-11 2.8963840168135086e-11 8.612838082847276e-12 1.1667620827104557e-11 -1.0492612529239064e-11 -6.473463061947075e-13 -1.3226411298291512e-11 -2.754969941981198e-12 -5.465233706625285e-13; -2.826271506935749e-11 3.532552457535439e-11 8.612838082847276e-12 3.3215267277496145e-11 3.662046481150181e-12 -5.787712335940614e-12 5.602764370939077e-13 -2.0889153650824065e-11 -3.933646853674976e-12 -1.6084888095147983e-12; -6.722895835240243e-11 -2.564792321514211e-10 1.1667620827104557e-11 3.662046481150181e-12 1.524632000529103e-10 3.356825449869661e-13 -1.3131394103788155e-12 6.760530146924295e-13 2.810660614042279e-12 -2.5375187264407967e-12; -7.020814539208993e-11 2.804284560182533e-12 -1.0492612529239064e-11 -5.787712335940614e-12 3.356825449869661e-13 1.3134537242043645e-11 1.7388244069230503e-12 3.590765363422414e-12 5.035070188370856e-13 1.0727057367914586e-12; -2.666174868224712e-11 6.796276368375581e-12 -6.473463061947075e-13 5.602764370939077e-13 -1.3131394103788155e-12 1.7388244069230503e-12 5.813056877587197e-13 -6.49685524109965e-13 -3.2427724281514023e-13 2.1041333489242784e-13; 1.2076175577266486e-11 -3.0269253516519806e-11 -1.3226411298291512e-11 -2.0889153650824065e-11 6.760530146924295e-13 3.590765363422414e-12 -6.49685524109965e-13 2.2164131502977645e-11 3.9625711690202665e-12 9.241486497825083e-13; 7.640780644900366e-12 -1.1558728417564223e-11 -2.754969941981198e-12 -3.933646853674976e-12 2.810660614042279e-12 5.035070188370856e-13 -3.2427724281514023e-13 3.9625711690202665e-12 1.074781271701849e-12 -1.3885831704537257e-14; -1.0927561978719276e-11 5.820301056356237e-12 -5.465233706625285e-13 -1.6084888095147983e-12 -2.5375187264407967e-12 1.0727057367914586e-12 2.1041333489242784e-13 9.241486497825083e-13 -1.3885831704537257e-14 2.675876686548669e-13]
[3.5827400199929583e-9 -3.4287456356095724e-10 2.5736843888593176e-11 -5.66834338327048e-11 -3.8717343840818794e-10 -1.8501508644123677e-10 -3.921210165967078e-11 -1.2959127201403345e-10 1.8322671462995714e-12 -1.9244110427411794e-11; -3.4287456356095724e-10 9.715356130565534e-10 1.4343633373971564e-12 1.0036794762673968e-10 -2.4587288501491327e-10 -4.586053276494301e-11 1.4569335274322067e-11 -2.1702339105664167e-11 -3.0465816199520036e-11 8.825659000959056e-12; 2.5736843888593176e-11 1.4343633373971564e-12 2.9796302419680386e-11 -7.995397048242792e-12 7.085396627596409e-13 -4.736139221452036e-12 -2.160971117038619e-12 -1.479524503250631e-11 -6.561762266322091e-13 -4.492023902229858e-13; -5.66834338327048e-11 1.0036794762673968e-10 -7.995397048242792e-12 4.6887862877727474e-11 -3.614766628590501e-11 -1.519876113875209e-11 2.050985252656575e-12 3.427951982890296e-12 -5.804018054772625e-12 -3.076518728201663e-13; -3.8717343840818794e-10 -2.4587288501491327e-10 7.085396627596409e-13 -3.614766628590501e-11 3.414506142828115e-10 4.780802714577114e-11 -4.374893021571637e-12 3.27093480950682e-11 1.7816752208911128e-11 -2.3865691219086196e-12; -1.8501508644123677e-10 -4.586053276494301e-11 -4.736139221452036e-12 -1.519876113875209e-11 4.780802714577114e-11 2.6007245022756077e-11 1.4575275650859148e-12 1.2863488290333246e-11 2.8801480464094308e-12 1.433456222685598e-12; -3.921210165967078e-11 1.4569335274322067e-11 -2.160971117038619e-12 2.050985252656575e-12 -4.374893021571637e-12 1.4575275650859148e-12 9.018079341618365e-13 1.2693747064380616e-12 -6.04302883392601e-13 3.9111018210594457e-13; -1.2959127201403345e-10 -2.1702339105664167e-11 -1.479524503250631e-11 3.427951982890296e-12 3.27093480950682e-11 1.2863488290333246e-11 1.2693747064380616e-12 1.9605971912025644e-11 1.698590434557518e-12 7.382996355377931e-13; 1.8322671462995714e-12 -3.0465816199520036e-11 -6.561762266322091e-13 -5.804018054772625e-12 1.7816752208911128e-11 2.8801480464094308e-12 -6.04302883392601e-13 1.698590434557518e-12 1.6882419153481448e-12 -2.884399033674475e-13; -1.9244110427411794e-11 8.825659000959056e-12 -4.492023902229858e-13 -3.076518728201663e-13 -2.3865691219086196e-12 1.433456222685598e-12 3.9111018210594457e-13 7.382996355377931e-13 -2.884399033674475e-13 3.241406960892416e-13]
[0.06690959204187612 0.061090565653938035 -0.0037812639851546414 0.004955626966926096 -0.062042327942123485 -0.007007033699430333 0.00047370609124910247 0.0004690473478736827 -0.002373753222639647 0.0006588284173743403; 0.061090565653938035 0.05577761333214112 -0.0034524132668387188 0.004524643714945806 -0.05664660175833227 -0.006397642627885974 0.00043250862362795246 0.00042825505807628694 -0.0021673115555928438 0.0006015311344423534; -0.0037812639851546414 -0.0034524132668387188 0.00021369071600555324 -0.00028005751629543843 0.0035062002289669007 0.0003959887262834342 -2.6770570889592184e-5 -2.6507298823630485e-5 0.00013414799767344065 -3.7232394466193974e-5; 0.004955626966926096 0.004524643714945806 -0.00028005751629543843 0.00036703617007417057 -0.004595135487457087 -0.0005189726162437613 3.508481804442317e-5 3.47397674638315e-5 -0.00017581090517863302 4.8795813499997396e-5; -0.062042327942123485 -0.05664660175833227 0.0035062002289669007 -0.004595135487457087 0.0575291288627411 0.00649731486158926 -0.0004392468972794723 -0.0004349270687995793 0.002201077232609677 -0.0006109027004289072; -0.007007033699430333 -0.006397642627885974 0.0003959887262834342 -0.0005189726162437613 0.00649731486158926 0.0007338039367320193 -4.960835247000543e-5 -4.9120468172389884e-5 0.0002485887084569545 -6.899508467066462e-5; 0.00047370609124910247 0.00043250862362795246 -2.6770570889592184e-5 3.508481804442317e-5 -0.0004392468972794723 -4.960835247000543e-5 3.3537420950204894e-6 3.3207595562187144e-6 -1.6805683913099824e-5 4.664369752040656e-6; 0.0004690473478736827 0.00042825505807628694 -2.6507298823630485e-5 3.47397674638315e-5 -0.0004349270687995793 -4.9120468172389884e-5 3.3207595562187144e-6 3.288109764696958e-6 -1.6640405297853967e-5 4.61849796669282e-6; -0.002373753222639647 -0.0021673115555928438 0.00013414799767344065 -0.00017581090517863302 0.002201077232609677 0.0002485887084569545 -1.6805683913099824e-5 -1.6640405297853967e-5 8.421370367521405e-5 -2.337327287998218e-5; 0.0006588284173743403 0.0006015311344423534 -3.7232394466193974e-5 4.8795813499997396e-5 -0.0006109027004289072 -6.899508467066462e-5 4.664369752040656e-6 4.61849796669282e-6 -2.337327287998218e-5 6.487185322132285e-6]
[4.178504625627189e-8 -4.257991022939956e-9 -4.4550172200072364e-10 -1.6293707586511383e-10 -2.81302152213428e-9 -1.3472870083905058e-9 -4.968254932352558e-10 -2.914666764251712e-10 7.509569695722832e-11 -1.9886056858091193e-10; -4.257991022939956e-9 1.0226861498491497e-8 1.5254449598274882e-10 6.632365799422569e-10 -3.4370893985052747e-9 -5.420824246210121e-11 1.356134388312479e-10 -3.1075653721841283e-10 -2.7066695755643336e-10 1.0639173152333265e-10; -4.4550172200072364e-10 1.5254449598274882e-10 3.109968441472305e-10 3.958248258732086e-11 1.2895722024257057e-10 -9.629847113661097e-11 -7.332325019539715e-12 -1.3618842121487625e-10 -2.273044921061532e-11 -7.239668867016908e-12; -1.6293707586511383e-10 6.632365799422569e-10 3.958248258732086e-11 3.794356217835172e-10 -1.1298525308705736e-10 -1.3552077569338684e-10 6.439015465902723e-12 -1.1001069849002706e-10 -4.522718814717333e-11 -1.2887125821271294e-11; -2.81302152213428e-9 -3.4370893985052747e-9 1.2895722024257057e-10 -1.1298525308705736e-10 2.4667629847843935e-9 1.0933034650936687e-10 -2.7060273111500034e-11 1.237670585690915e-10 1.0773440381435847e-10 -3.815584940831039e-11; -1.3472870083905058e-9 -5.420824246210121e-11 -9.629847113661097e-11 -1.3552077569338684e-10 1.0933034650936687e-10 2.0357237657895367e-10 2.120330450989403e-11 6.55265298295939e-11 1.5517530550009376e-11 1.633601848190884e-11; -4.968254932352558e-10 1.356134388312479e-10 -7.332325019539715e-12 6.439015465902723e-12 -2.7060273111500034e-11 2.120330450989403e-11 1.0226166056818852e-11 -1.2714369520240192e-14 -5.668395929489021e-12 4.1067174868831105e-12; -2.914666764251712e-10 -3.1075653721841283e-10 -1.3618842121487625e-10 -1.1001069849002706e-10 1.237670585690915e-10 6.55265298295939e-11 -1.2714369520240192e-14 1.7612517324762346e-10 2.8272392220577385e-11 8.316853508242402e-12; 7.509569695722832e-11 -2.7066695755643336e-10 -2.273044921061532e-11 -4.522718814717333e-11 1.0773440381435847e-10 1.5517530550009376e-11 -5.668395929489021e-12 2.8272392220577385e-11 1.5537390979169503e-11 -2.4970186268662663e-12; -1.9886056858091193e-10 1.0639173152333265e-10 -7.239668867016908e-12 -1.2887125821271294e-11 -3.815584940831039e-11 1.633601848190884e-11 4.1067174868831105e-12 8.316853508242402e-12 -2.4970186268662663e-12 4.310648446308306e-12]
[4.081570724197506e-8 -5.7691864621943505e-9 -3.7476230727604896e-10 -3.605655670575633e-10 -2.161840008542046e-9 -1.2552971185798388e-9 -5.063064592450844e-10 -3.153501622072854e-10 1.3091527930095573e-10 -2.1292337942802372e-10; -5.7691864621943505e-9 1.0930525208012642e-8 1.559407056801528e-10 9.06925151765222e-10 -3.4188505584811327e-9 -1.6380882552356967e-10 1.649700369047079e-10 -2.7772581913267137e-10 -3.151310926551005e-10 1.1458070908344789e-10; -3.7476230727604896e-10 1.559407056801528e-10 3.0840501339532234e-10 3.594594952003488e-11 1.1739337345335427e-10 -9.355455124769448e-11 -9.940441402228266e-12 -1.3614716701847794e-10 -2.0565478551598464e-11 -7.346737988595855e-12; -3.605655670575633e-10 9.06925151765222e-10 3.594594952003488e-11 4.1377543810532207e-10 -1.7117329013397877e-10 -1.4808942224256083e-10 1.2264318579375676e-11 -1.0742066488787183e-10 -5.521182881809414e-11 -9.3875682785409e-12; -2.161840008542046e-9 -3.4188505584811327e-9 1.1739337345335427e-10 -1.7117329013397877e-10 2.3323316193880585e-9 1.4017909941396068e-10 -3.550127281543808e-11 1.1510371602691108e-10 1.1440430110513606e-10 -3.804838186138084e-11; -1.2552971185798388e-9 -1.6380882552356967e-10 -9.355455124769448e-11 -1.4808942224256083e-10 1.4017909941396068e-10 2.0357398762195494e-10 1.9109637566950306e-11 6.54098769740613e-11 1.8849930729621655e-11 1.482448878284521e-11; -5.063064592450844e-10 1.649700369047079e-10 -9.940441402228266e-12 1.2264318579375676e-11 -3.550127281543808e-11 1.9109637566950306e-11 1.0767487665209972e-11 1.4251318688368318e-12 -6.871246860982195e-12 4.493665199420962e-12; -3.153501622072854e-10 -2.7772581913267137e-10 -1.3614716701847794e-10 -1.0742066488787183e-10 1.1510371602691108e-10 6.54098769740613e-11 1.4251318688368318e-12 1.7330487437560004e-10 2.6807505621561526e-11 8.502063538653021e-12; 1.3091527930095573e-10 -3.151310926551005e-10 -2.0565478551598464e-11 -5.521182881809414e-11 1.1440430110513606e-10 1.8849930729621655e-11 -6.871246860982195e-12 2.6807505621561526e-11 1.7382514448083918e-11 -3.0433697450609127e-12; -2.1292337942802372e-10 1.1458070908344789e-10 -7.346737988595855e-12 -9.3875682785409e-12 -3.804838186138084e-11 1.482448878284521e-11 4.493665199420962e-12 8.502063538653021e-12 -3.0433697450609127e-12 4.279552519448752e-12]
[3.113538398252535e-8 9.756695334539683e-8 1.3202764392584197e-6 -7.239791684064979e-6; 9.756695334539683e-8 1.4034107833300496e-6 3.7570618881094695e-5 -3.129099112779129e-5; 1.3202764392584197e-6 3.7570618881094695e-5 0.0010746024406227115 -0.0005678682638672073; -7.239791684064979e-6 -3.129099112779129e-5 -0.0005678682638672073 0.0017560271564379165]
[2.265490641330932e-8 3.1802309527843244e-8 -2.3207720026827959e-7 -4.9566712386787025e-6; 3.1802309527843244e-8 1.2549482442514957e-6 3.654958756122847e-5 -1.6396615929049578e-5; -2.3207720026827959e-7 3.654958756122847e-5 0.0011261796293525633 -0.00023559621330793612; -4.9566712386787025e-6 -1.6396615929049578e-5 -0.00023559621330793612 0.0011632337976463466]
[3.422373414416912e-9 9.825312160040053e-9 1.1766414307960855e-7 -7.890519610094532e-7; 9.825312160040053e-9 1.700491899892176e-7 4.658720238831851e-6 -3.374413630678221e-6; 1.1766414307960855e-7 4.658720238831851e-6 0.00013570235038783918 -6.079528064871715e-5; -7.890519610094532e-7 -3.374413630678221e-6 -6.079528064871715e-5 0.0001911095028886843]
[2.398187823402509e-8 7.339498922470074e-8 9.647382381115683e-7 -5.557176476626971e-6; 7.339498922470074e-8 1.5512643568220022e-6 4.336380195420539e-5 -2.739062408980931e-5; 9.647382381115683e-7 4.336380195420539e-5 0.0012700788280232077 -0.0005386378037107346; -5.557176476626971e-6 -2.739062408980931e-5 -0.0005386378037107346 0.001374166283262255]
[2.8444892308264677e-8 4.896326595394091e-8 -1.7565660429999555e-8 -6.299935781498776e-6; 4.896326595394091e-8 1.0986158448288898e-6 3.087143006325623e-5 -1.8766545724855157e-5; -1.7565660429999555e-8 3.087143006325623e-5 0.0009417194510325344 -0.00023626295193866388; -6.299935781498776e-6 -1.8766545724855157e-5 -0.00023626295193866388 0.00146230656913339]
[3.3301550746539458e-9 9.531488035303476e-9 1.1362265816309367e-7 -7.675000833711453e-7; 9.531488035303476e-9 1.720601439356004e-7 4.735653598660897e-6 -3.3286570400257964e-6; 1.1362265816309367e-7 4.735653598660897e-6 0.00013826209381942946 -6.0548957199953086e-5; -7.675000833711453e-7 -3.3286570400257964e-6 -6.0548957199953086e-5 0.00018625088693492243]
[0.006714633235801163 -0.0021503040470091444 -0.0004480385172688526 -7.22798265264198e-5; -0.0021503040470091444 0.000690428530577885 0.00019496509947163626 -3.1755030627192595e-6; -0.0004480385172688526 0.00019496509947163626 0.0016288238252655145 -0.00029704564690164294; -7.22798265264198e-5 -3.1755030627192595e-6 -0.00029704564690164294 0.0018457625987857078]
[0.006682372411872861 0.002087829600486921 -0.0012560638660863667 1.1933421065157942e-5; 0.002087829600486921 0.000657338819871907 -0.00024850036022332504 -7.925394393290204e-5; -0.0012560638660863667 -0.00024850036022332504 0.004545383462911038 -0.001495790056725151; 1.1933421065157942e-5 -7.925394393290204e-5 -0.001495790056725151 0.005668353048492014]
[0.1516399572041232 -0.2180328584830638 0.03356874948575497 -0.027181448226310755; -0.2180328584830638 1.0279124278944956 -0.22884390567032298 0.12498014186515262; 0.03356874948575497 -0.22884390567032298 0.05414630293604124 -0.02803923932554753; -0.027181448226310755 0.12498014186515262 -0.02803923932554753 0.016498386235348075]
[1.9359993235975546 -2.44259962694167 0.01690088836350322 0.004811475049429004; -2.44259962694167 3.2356135164970787 -0.027859031217566572 -0.00845978448758162; 0.01690088836350322 -0.027859031217566572 0.009383850590760388 0.001385898080487673; 0.004811475049429004 -0.00845978448758162 0.001385898080487673 0.00778634602757329]
[3.94494056235566e-10 -1.5402590554151536e-10 -1.0550264360118366e-12 -1.563133851511469e-11 2.7093191466214497e-11 -7.460655683174584e-12 -2.8056675229214315e-12 2.2421476991766653e-11 1.4495569012499204e-12 -8.16927662451508e-12; -1.5402590554151536e-10 8.653901915064043e-11 -2.708516528378856e-12 6.225834430375428e-12 -1.11717690892586e-11 2.4915680414058634e-12 1.0219610923970157e-12 -1.2207308332952988e-11 -3.204717991659972e-13 3.4329065561268006e-12; -1.0550264360118366e-12 -2.708516528378856e-12 1.1897561423130857e-12 3.454682176800627e-13 -9.250688878414828e-14 -6.490072315888134e-14 -6.082438337376508e-15 3.0828827821318703e-13 -1.8216369068574228e-13 -3.090705073522929e-14; -1.563133851511469e-11 6.225834430375428e-12 3.454682176800627e-13 2.138763087398809e-12 -2.429696131861702e-12 2.5380784228663603e-13 1.3621856874752217e-13 -7.277952992912174e-13 -1.2007505644120893e-13 2.611169620778367e-13; 2.7093191466214497e-11 -1.11717690892586e-11 -9.250688878414828e-14 -2.429696131861702e-12 8.117221617856743e-12 -7.467652432359482e-13 -3.832308973262559e-13 1.146757049986087e-12 8.647423958501331e-14 -8.6477271004959e-13; -7.460655683174584e-12 2.4915680414058634e-12 -6.490072315888134e-14 2.5380784228663603e-13 -7.467652432359482e-13 2.955713825602249e-13 6.207113239285361e-14 -3.456063394886201e-13 2.198037042257553e-14 1.7701934073944909e-13; -2.8056675229214315e-12 1.0219610923970157e-12 -6.082438337376508e-15 1.3621856874752217e-13 -3.832308973262559e-13 6.207113239285361e-14 3.208054177720246e-14 -1.292674124276824e-13 -8.52497056848695e-15 6.548225885794688e-14; 2.2421476991766653e-11 -1.2207308332952988e-11 3.0828827821318703e-13 -7.277952992912174e-13 1.146757049986087e-12 -3.456063394886201e-13 -1.292674124276824e-13 1.87634494715322e-12 6.436154617382134e-14 -4.766810539615698e-13; 1.4495569012499204e-12 -3.204717991659972e-13 -1.8216369068574228e-13 -1.2007505644120893e-13 8.647423958501331e-14 2.198037042257553e-14 -8.52497056848695e-15 6.436154617382134e-14 5.439770627502849e-14 -1.9983176607973427e-14; -8.16927662451508e-12 3.4329065561268006e-12 -3.090705073522929e-14 2.611169620778367e-13 -8.6477271004959e-13 1.7701934073944909e-13 6.548225885794688e-14 -4.766810539615698e-13 -1.9983176607973427e-14 2.08723101099887e-13]
[1.8259006399421475e-10 -5.979335594784533e-11 -2.8413126114318897e-12 -1.8018587891562336e-11 4.9808323990315016e-11 -2.855453172711241e-12 -2.7564659778097657e-12 3.715895597666577e-12 1.0695522579168066e-12 -4.945740229895315e-12; -5.979335594784533e-11 3.951925063071708e-11 -1.2213183927433112e-13 1.0269874278958574e-11 -2.7534426980862967e-11 -3.929803002161972e-14 1.2544971616924945e-12 -1.6058114144526124e-12 -7.814669239878314e-13 2.2245757642249214e-12; -2.8413126114318897e-12 -1.2213183927433112e-13 7.098424537127306e-13 2.1308911986057418e-13 -6.96764220532608e-13 1.0216304364004072e-13 -6.519276415450588e-15 -1.6087696242560919e-13 -5.367561749296519e-15 7.882586126244333e-14; -1.8018587891562336e-11 1.0269874278958574e-11 2.1308911986057418e-13 3.660998254652744e-12 -8.027317247991014e-12 1.1009472129696124e-13 3.310938177654677e-13 -4.127355725487826e-13 -2.1645679627613804e-13 7.373198628867503e-13; 4.9808323990315016e-11 -2.7534426980862967e-11 -6.96764220532608e-13 -8.027317247991014e-12 3.2068263627392705e-11 1.155494494333089e-13 -1.448289128680943e-12 3.0347435277812063e-12 7.165839085308365e-13 -1.904039574559782e-12; -2.855453172711241e-12 -3.929803002161972e-14 1.0216304364004072e-13 1.1009472129696124e-13 1.155494494333089e-13 2.394212791239259e-13 -3.0919637044651223e-15 7.508489487399361e-14 -9.155061180643352e-17 6.585992931899484e-14; -2.7564659778097657e-12 1.2544971616924945e-12 -6.519276415450588e-15 3.310938177654677e-13 -1.448289128680943e-12 -3.0919637044651223e-15 8.268745088983964e-14 -1.4566650327705835e-13 -2.5787416673128038e-14 8.352354692059726e-14; 3.715895597666577e-12 -1.6058114144526124e-12 -1.6087696242560919e-13 -4.127355725487826e-13 3.0347435277812063e-12 7.508489487399361e-14 -1.4566650327705835e-13 5.569784133063868e-13 8.289712044436842e-14 -1.1505159616651638e-13; 1.0695522579168066e-12 -7.814669239878314e-13 -5.367561749296519e-15 -2.1645679627613804e-13 7.165839085308365e-13 -9.155061180643352e-17 -2.5787416673128038e-14 8.289712044436842e-14 3.4228779033808655e-14 -4.547118403410531e-14; -4.945740229895315e-12 2.2245757642249214e-12 7.882586126244333e-14 7.373198628867503e-13 -1.904039574559782e-12 6.585992931899484e-14 8.352354692059726e-14 -1.1505159616651638e-13 -4.547118403410531e-14 1.763908697465314e-13]
[0.001264263218367989 -0.00045950392338092684 3.197591953208537e-5 -1.333216933762228e-5 -8.924280535179375e-5 -2.9399051438356457e-5 -4.672808532030033e-6 3.633475781779545e-5 -8.307294355442832e-6 -2.9138656745432184e-5; -0.00045950392338092684 0.00016700941473920584 -1.162183670912981e-5 4.845655496638131e-6 3.2435824827082487e-5 1.068525838924968e-5 1.6983597692094918e-6 -1.32060826700984e-5 3.019335056342657e-6 1.0590616632252426e-5; 3.197591953208537e-5 -1.162183670912981e-5 8.087394905967996e-7 -3.3719901356988403e-7 -2.2571414839223483e-6 -7.435648743851423e-7 -1.1818531645054252e-7 9.189836841252128e-7 -2.1010925575447842e-7 -7.369789269051747e-7; -1.333216933762228e-5 4.845655496638131e-6 -3.3719901356988403e-7 1.4059346877483112e-7 9.411007349659747e-7 3.10024966180264e-7 4.927669476815549e-8 -3.831646903499321e-7 8.760378429657904e-8 3.0727900076576835e-7; -8.924280535179375e-5 3.2435824827082487e-5 -2.2571414839223483e-6 9.411007349659747e-7 6.299545545588883e-6 2.075243205277299e-6 3.298477189838336e-7 -2.564826772039834e-6 5.864018394433923e-7 2.0568622773090256e-6; -2.9399051438356457e-5 1.068525838924968e-5 -7.435648743851423e-7 3.10024966180264e-7 2.075243205277299e-6 6.83642671110469e-7 1.0866103201480297e-7 -8.449247781767616e-7 1.9317701348584487e-7 6.775874427345265e-7; -4.672808532030033e-6 1.6983597692094918e-6 -1.1818531645054252e-7 4.927669476815549e-8 3.298477189838336e-7 1.0866103201480297e-7 1.727104652515846e-8 -1.342958823871604e-7 3.070436299675285e-8 1.0769859242433642e-7; 3.633475781779545e-5 -1.32060826700984e-5 9.189836841252128e-7 -3.831646903499321e-7 -2.564826772039834e-6 -8.449247781767616e-7 -1.342958823871604e-7 1.0442563545369636e-6 -2.387505125623045e-7 -8.37441122156442e-7; -8.307294355442832e-6 3.019335056342657e-6 -2.1010925575447842e-7 8.760378429657904e-8 5.864018394433923e-7 1.9317701348584487e-7 3.070436299675285e-8 -2.387505125623045e-7 5.4586064475306706e-8 1.91465985225785e-7; -2.9138656745432184e-5 1.0590616632252426e-5 -7.369789269051747e-7 3.0727900076576835e-7 2.0568622773090256e-6 6.775874427345265e-7 1.0769859242433642e-7 -8.37441122156442e-7 1.91465985225785e-7 6.715858804226551e-7]
[4.4441402217106284e-10 3.745276063678871e-11 -9.086190668199627e-11 -2.0793541078003887e-11 8.725133870307327e-11 -2.51877062881968e-11 4.9377540902267e-12 4.9060610196770685e-12 -4.5141556165132084e-13 -1.3676973782489681e-11; 3.745276063678871e-11 4.5969655736807484e-11 -1.2357702817735698e-11 4.805394191055559e-12 -2.5557378014157327e-12 -6.560070925390805e-12 1.1497009512393734e-12 -1.7314231785454453e-12 -1.0569258983896228e-12 -8.873611751076842e-13; -9.086190668199627e-11 -1.2357702817735698e-11 3.330260891217797e-11 5.223727575160789e-12 -2.370546641177162e-11 5.287030799341985e-12 -2.752655383779814e-12 -1.7720977097919536e-12 -2.1223252695311132e-14 3.490426139672266e-12; -2.0793541078003887e-11 4.805394191055559e-12 5.223727575160789e-12 2.835139101967583e-12 -7.617783014379551e-12 5.263754910777205e-13 -2.8595069458580836e-13 -6.369615014098974e-13 -1.9477107386682668e-13 8.334740590388822e-13; 8.725133870307327e-11 -2.5557378014157327e-12 -2.370546641177162e-11 -7.617783014379551e-12 2.92644541659134e-11 -4.176906342182038e-12 1.428044880098156e-12 1.8534208152330743e-12 2.602578514817249e-13 -3.4300967379384205e-12; -2.51877062881968e-11 -6.560070925390805e-12 5.287030799341985e-12 5.263754910777205e-13 -4.176906342182038e-12 2.0012519034270497e-12 -3.0184534905958204e-13 -9.591853472868635e-15 1.4127700357743944e-13 7.640422072094121e-13; 4.9377540902267e-12 1.1497009512393734e-12 -2.752655383779814e-12 -2.8595069458580836e-13 1.428044880098156e-12 -3.0184534905958204e-13 2.7178317281631184e-13 1.3615131127802172e-13 3.6056745526211655e-15 -2.2632267014653257e-13; 4.9060610196770685e-12 -1.7314231785454453e-12 -1.7720977097919536e-12 -6.369615014098974e-13 1.8534208152330743e-12 -9.591853472868635e-15 1.3615131127802172e-13 3.6538906581121e-13 8.649668935139354e-14 -2.0312127507404506e-13; -4.5141556165132084e-13 -1.0569258983896228e-12 -2.1223252695311132e-14 -1.9477107386682668e-13 2.602578514817249e-13 1.4127700357743944e-13 3.6056745526211655e-15 8.649668935139354e-14 4.0813486982304104e-14 -1.1637000258113264e-15; -1.3676973782489681e-11 -8.873611751076842e-13 3.490426139672266e-12 8.334740590388822e-13 -3.4300967379384205e-12 7.640422072094121e-13 -2.2632267014653257e-13 -2.0312127507404506e-13 -1.1637000258113264e-15 4.856957229120022e-13]
[2.443400683679945e-10 -1.3818647002528144e-12 -1.971612207960892e-11 -1.0013409205174727e-11 3.043227625458567e-11 1.093925786478434e-12 -3.880631118987955e-12 3.58356877181144e-12 1.8784091369685007e-12 -5.530442818101886e-12; -1.3818647002528144e-12 4.621464018278617e-11 -9.169796119491268e-12 7.830767969374022e-12 -1.2231715327659256e-11 3.248862596803347e-12 -2.779094661320391e-13 -2.9187917672388884e-12 7.928404060143776e-13 1.0689643620218572e-13; -1.971612207960892e-11 -9.169796119491268e-12 4.7394953670916225e-12 -8.047739971720348e-13 -5.9121908842946e-13 -8.780985758737045e-13 4.457073041384691e-13 2.314965692992705e-13 -4.608079568266528e-13 4.974346236637352e-13; -1.0013409205174727e-11 7.830767969374022e-12 -8.047739971720348e-13 2.770757243777905e-12 -4.715490789299474e-12 3.6338894801842395e-13 2.0451691213654904e-13 -7.458150523068349e-13 2.5920295198340683e-13 2.834345753901599e-13; 3.043227625458567e-11 -1.2231715327659256e-11 -5.9121908842946e-13 -4.715490789299474e-12 1.2845784986688033e-11 -3.359378220582381e-13 -7.17235795082395e-13 1.4599128527824536e-12 -1.0892239365708286e-13 -9.517461300241123e-13; 1.093925786478434e-12 3.248862596803347e-12 -8.780985758737045e-13 3.6338894801842395e-13 -3.359378220582381e-13 4.3271573024627283e-13 -8.030498842843148e-14 -1.2292064933394835e-13 5.4962797945629713e-14 -3.295019469461234e-14; -3.880631118987955e-12 -2.779094661320391e-13 4.457073041384691e-13 2.0451691213654904e-13 -7.17235795082395e-13 -8.030498842843148e-14 9.553448457680494e-14 -6.367087706805994e-14 -1.3604483613998353e-14 9.716951516703512e-14; 3.58356877181144e-12 -2.9187917672388884e-12 2.314965692992705e-13 -7.458150523068349e-13 1.4599128527824536e-12 -1.2292064933394835e-13 -6.367087706805994e-14 4.1620010478418985e-13 -5.525284644233094e-14 -7.984458953360919e-14; 1.8784091369685007e-12 7.928404060143776e-13 -4.608079568266528e-13 2.5920295198340683e-13 -1.0892239365708286e-13 5.4962797945629713e-14 -1.3604483613998353e-14 -5.525284644233094e-14 1.2875358993371607e-13 -5.0406980946867306e-14; -5.530442818101886e-12 1.0689643620218572e-13 4.974346236637352e-13 2.834345753901599e-13 -9.517461300241123e-13 -3.295019469461234e-14 9.716951516703512e-14 -7.984458953360919e-14 -5.0406980946867306e-14 1.4595834402674987e-13]
[0.010100851120091972 0.0006003171941352251 -0.0005097903936020946 -5.810135731366735e-5 0.0008378723830709835 -0.00024871031600931363 -0.00016634427317143162 2.7210372980218944e-5 0.0001663211634885151 -0.00022285053099121448; 0.0006003171941352251 0.00018088478501927745 2.6305319057234784e-5 2.0564627859495072e-5 -2.8385168080933408e-5 0.00014182821272807686 -5.46645243436526e-5 -2.9947986290455682e-5 2.9753956874308824e-5 -1.118127442586881e-5; -0.0005097903936020946 2.6305319057234784e-5 4.77938544832643e-5 1.229479424761729e-5 -7.27637504518169e-5 7.360085757749223e-5 -9.05974787759784e-6 -1.3677811278675259e-5 -6.490073027476996e-7 1.205155860337447e-5; -5.810135731366735e-5 2.0564627859495072e-5 1.229479424761729e-5 4.3068325721616384e-6 -1.7751135981655054e-5 2.7334459930276034e-5 -6.4496718724831475e-6 -5.377518642484751e-6 2.329726944279822e-6 1.6231343289024947e-6; 0.0008378723830709835 -2.8385168080933408e-5 -7.27637504518169e-5 -1.7751135981655054e-5 0.00011159665085493518 -0.00010495222074529407 1.0311093945398038e-5 1.925238638064134e-5 3.0985601447457453e-6 -1.9596495215091383e-5; -0.00024871031600931363 0.00014182821272807686 7.360085757749223e-5 2.7334459930276034e-5 -0.00010495222074529407 0.00017503218444031533 -4.419890507167446e-5 -3.4713979002095596e-5 1.7334151539722035e-5 7.712465355040166e-6; -0.00016634427317143162 -5.46645243436526e-5 -9.05974787759784e-6 -6.4496718724831475e-6 1.0311093945398038e-5 -4.419890507167446e-5 1.6547993156634822e-5 9.285847756380529e-6 -8.866199822644221e-6 3.0337196751549924e-6; 2.7210372980218944e-5 -2.9947986290455682e-5 -1.3677811278675259e-5 -5.377518642484751e-6 1.925238638064134e-5 -3.4713979002095596e-5 9.285847756380529e-6 6.9349725601474795e-6 -3.871120684881682e-6 -1.0488426542948547e-6; 0.0001663211634885151 2.9753956874308824e-5 -6.490073027476996e-7 2.329726944279822e-6 3.0985601447457453e-6 1.7334151539722035e-5 -8.866199822644221e-6 -3.871120684881682e-6 5.457409851576911e-6 -3.3871469664885195e-6; -0.00022285053099121448 -1.118127442586881e-5 1.205155860337447e-5 1.6231343289024947e-6 -1.9596495215091383e-5 7.712465355040166e-6 3.0337196751549924e-6 -1.0488426542948547e-6 -3.3871469664885195e-6 4.945967919591575e-6]
[5.445533673880645e-10 -1.3302501930773565e-10 -5.414157269514382e-12 -3.956786863009775e-11 1.2105545102975215e-10 -1.1753098736355231e-11 -8.49810017923203e-12 7.1740763400991105e-12 5.96580963646622e-13 -1.2854356117418915e-11; -1.3302501930773565e-10 8.010103662947965e-11 2.704463473172158e-12 1.8159619194277334e-11 -5.627511862226431e-11 7.125587520227982e-13 2.295078292135053e-12 -3.8828449555759474e-12 -1.0808935104238345e-12 4.361578743537139e-12; -5.414157269514382e-12 2.704463473172158e-12 2.2451907558276135e-12 1.0715633243453817e-12 -1.8610684236339603e-12 -3.9825477821711157e-13 -7.668484695108675e-14 -3.920976773059769e-13 -1.4073516830657222e-13 1.9600254200595685e-13; -3.956786863009775e-11 1.8159619194277334e-11 1.0715633243453817e-12 6.4476905328624194e-12 -1.626914773678007e-11 4.02118297342834e-13 6.99988111866343e-13 -1.1553321600639823e-12 -2.618031736856661e-13 1.3598476854219464e-12; 1.2105545102975215e-10 -5.627511862226431e-11 -1.8610684236339603e-12 -1.626914773678007e-11 5.5732995509242527e-11 -1.7689680333910849e-12 -2.5140698550593952e-12 2.6004037147103516e-12 5.513844143386372e-13 -4.303176452338624e-12; -1.1753098736355231e-11 7.125587520227982e-13 -3.9825477821711157e-13 4.02118297342834e-13 -1.7689680333910849e-12 7.92626435810814e-13 1.9952812265431206e-13 2.5761030116727123e-14 3.5003274593010313e-14 2.5395282219908774e-13; -8.49810017923203e-12 2.295078292135053e-12 -7.668484695108675e-14 6.99988111866343e-13 -2.5140698550593952e-12 1.9952812265431206e-13 1.8516731747811164e-13 -9.244387596066433e-14 1.0092105192620776e-14 2.2245642994977502e-13; 7.1740763400991105e-12 -3.8828449555759474e-12 -3.920976773059769e-13 -1.1553321600639823e-12 2.6004037147103516e-12 2.5761030116727123e-14 -9.244387596066433e-14 5.829245811668652e-13 1.1208415843269107e-13 -2.1930597859855207e-13; 5.96580963646622e-13 -1.0808935104238345e-12 -1.4073516830657222e-13 -2.618031736856661e-13 5.513844143386372e-13 3.5003274593010313e-14 1.0092105192620776e-14 1.1208415843269107e-13 8.935639919519494e-14 -3.919669800869511e-14; -1.2854356117418915e-11 4.361578743537139e-12 1.9600254200595685e-13 1.3598476854219464e-12 -4.303176452338624e-12 2.5395282219908774e-13 2.2245642994977502e-13 -2.1930597859855207e-13 -3.919669800869511e-14 3.994614408946693e-13]
[1.4922523828104906e-9 -4.410925803942959e-10 -2.3503383276564136e-11 -8.769559047526065e-11 4.7610537191188055e-11 -2.923344777428706e-11 -8.912701827369788e-12 2.940567471535227e-11 6.8842082540899356e-12 -3.267349867764691e-11; -4.410925803942959e-10 2.268207530748064e-10 -7.026044594157919e-12 3.555300429136269e-11 6.6702839742740985e-12 1.3204254952700151e-12 2.934894243016682e-12 -7.973557129080663e-12 -2.69170948046128e-12 1.0384816374943934e-11; -2.3503383276564136e-11 -7.026044594157919e-12 5.129743862986501e-12 -5.62461108097266e-14 -9.281916330628006e-12 2.0484794026475457e-12 1.5565225563403324e-13 -1.953427268604847e-12 -2.772127380577148e-13 4.975779768144964e-13; -8.769559047526065e-11 3.555300429136269e-11 -5.62461108097266e-14 9.287627607913577e-12 -2.2958293228400827e-12 1.2513581870314474e-12 5.441556286744982e-13 1.0861247075118723e-14 -3.566178690933319e-13 2.2244024199029283e-12; 4.7610537191188055e-11 6.6702839742740985e-12 -9.281916330628006e-12 -2.2958293228400827e-12 5.516565512471095e-11 -2.83464166423172e-12 -1.6188300933835292e-12 8.985808269945357e-12 1.5572177971200282e-12 -1.6903274064085077e-12; -2.923344777428706e-11 1.3204254952700151e-12 2.0484794026475457e-12 1.2513581870314474e-12 -2.83464166423172e-12 1.6194481946804181e-12 1.375493091652648e-13 -3.6180717234909963e-13 -4.348978274874552e-14 6.706004865757276e-13; -8.912701827369788e-12 2.934894243016682e-12 1.5565225563403324e-13 5.441556286744982e-13 -1.6188300933835292e-12 1.375493091652648e-13 1.1605886700544298e-13 -4.1233029582913734e-13 -8.214680430631651e-14 2.0391677371947722e-13; 2.940567471535227e-11 -7.973557129080663e-12 -1.953427268604847e-12 1.0861247075118723e-14 8.985808269945357e-12 -3.6180717234909963e-13 -4.1233029582913734e-13 3.70476803301942e-12 6.040924490468026e-13 -5.725262941456356e-13; 6.8842082540899356e-12 -2.69170948046128e-12 -2.772127380577148e-13 -3.566178690933319e-13 1.5572177971200282e-12 -4.348978274874552e-14 -8.214680430631651e-14 6.040924490468026e-13 1.3447353042308359e-13 -1.4959395887131553e-13; -3.267349867764691e-11 1.0384816374943934e-11 4.975779768144964e-13 2.2244024199029283e-12 -1.6903274064085077e-12 6.706004865757276e-13 2.0391677371947722e-13 -5.725262941456356e-13 -1.4959395887131553e-13 7.847223096539973e-13]
[3.7475352875165995e-10 -1.0228389686724997e-10 -5.104153841394089e-12 -2.230646995223051e-11 7.984340296626983e-12 -8.394494387241304e-12 -2.175263748236533e-12 4.137499494950037e-12 9.61150252494626e-13 -8.224234799016292e-12; -1.0228389686724997e-10 5.126876323115743e-11 -5.768516178516936e-13 9.066599312375582e-12 -4.0633396583615735e-12 7.382425866333485e-13 7.098962830206946e-13 -1.4906313112660513e-12 -5.567562870391475e-13 2.5677157690174835e-12; -5.104153841394089e-12 -5.768516178516936e-13 1.1815337389947691e-12 1.7011748491417439e-13 -1.5457612450702495e-12 2.7784830563386515e-13 4.926317184433784e-15 -3.65893564000601e-13 -6.457582898028345e-14 1.1860023000999896e-13; -2.230646995223051e-11 9.066599312375582e-12 1.7011748491417439e-13 2.812244042078791e-12 -2.196674809523607e-12 3.9501761281482563e-13 1.5955915973133334e-13 1.1721842152385128e-13 -7.687334050809329e-14 6.407986187972733e-13; 7.984340296626983e-12 -4.0633396583615735e-12 -1.5457612450702495e-12 -2.196674809523607e-12 3.274382730412515e-11 5.267162286136375e-14 -1.3057036081442564e-12 3.598134374990371e-12 6.703305183178318e-13 -5.618577146618213e-13; -8.394494387241304e-12 7.382425866333485e-13 2.7784830563386515e-13 3.9501761281482563e-13 5.267162286136375e-14 4.6911376264158e-13 2.3532061224209317e-14 8.035319207702686e-14 1.29363054186905e-14 1.9114736763184275e-13; -2.175263748236533e-12 7.098962830206946e-13 4.926317184433784e-15 1.5955915973133334e-13 -1.3057036081442564e-12 2.3532061224209317e-14 7.847238760542217e-14 -1.7426850629920242e-13 -2.8009086819852555e-14 5.2884867030480246e-14; 4.137499494950037e-12 -1.4906313112660513e-12 -3.65893564000601e-13 1.1721842152385128e-13 3.598134374990371e-12 8.035319207702686e-14 -1.7426850629920242e-13 1.1394232379996289e-12 1.7049726361290617e-13 -5.79570530305245e-14; 9.61150252494626e-13 -5.567562870391475e-13 -6.457582898028345e-14 -7.687334050809329e-14 6.703305183178318e-13 1.29363054186905e-14 -2.8009086819852555e-14 1.7049726361290617e-13 4.575731218403265e-14 -2.2966120758038122e-14; -8.224234799016292e-12 2.5677157690174835e-12 1.1860023000999896e-13 6.407986187972733e-13 -5.618577146618213e-13 1.9114736763184275e-13 5.2884867030480246e-14 -5.79570530305245e-14 -2.2966120758038122e-14 2.1170296630225785e-13]
[7.400289065792779e-9 -1.6425973056011506e-9 -1.9063168854506204e-10 -5.683457337727152e-10 1.345426935075988e-9 -1.3191281824399933e-10 -9.439080129377067e-11 1.693440046895522e-10 2.295590369488073e-11 -1.7113800662583662e-10; -1.6425973056011506e-9 9.256746131014691e-10 6.3471193459784e-12 2.1610629958676233e-10 -5.56884781527961e-10 1.3494671512815737e-11 2.81275202899565e-11 -6.093820434997852e-11 -1.8608067590000883e-11 5.034286701485054e-11; -1.9063168854506204e-10 6.3471193459784e-12 2.731480329401585e-11 1.44718282593346e-11 -3.097346607653491e-11 4.8537027801720984e-12 1.5021975563786484e-12 -6.32986335074695e-12 -4.572675445064236e-13 4.5476413910243135e-12; -5.683457337727152e-10 2.1610629958676233e-10 1.44718282593346e-11 8.72093013313777e-11 -1.9413651233993397e-10 4.982213891462523e-12 1.0138698767776404e-11 -1.7183591483821738e-11 -3.235952514811045e-12 1.799424996403191e-11; 1.345426935075988e-9 -5.56884781527961e-10 -3.097346607653491e-11 -1.9413651233993397e-10 6.038328952024918e-10 -1.5773356677140408e-11 -2.8970928072795988e-11 4.8038051878264866e-11 9.631548948824105e-12 -4.6830325395880436e-11; -1.3191281824399933e-10 1.3494671512815737e-11 4.8537027801720984e-12 4.982213891462523e-12 -1.5773356677140408e-11 9.777538978212092e-12 5.507308316729816e-13 -4.0861894173606555e-13 -7.081187683936167e-13 3.08404840931582e-12; -9.439080129377067e-11 2.81275202899565e-11 1.5021975563786484e-12 1.0138698767776404e-11 -2.8970928072795988e-11 5.507308316729816e-13 2.0873803249834307e-12 -2.800596672241069e-12 -6.907300143874447e-14 2.5137262203231688e-12; 1.693440046895522e-10 -6.093820434997852e-11 -6.32986335074695e-12 -1.7183591483821738e-11 4.8038051878264866e-11 -4.0861894173606555e-13 -2.800596672241069e-12 1.1753087866288665e-11 1.4771513216710574e-12 -4.326822615633048e-12; 2.295590369488073e-11 -1.8608067590000883e-11 -4.572675445064236e-13 -3.235952514811045e-12 9.631548948824105e-12 -7.081187683936167e-13 -6.907300143874447e-14 1.4771513216710574e-12 1.3682367736429367e-12 -8.3033012347991e-13; -1.7113800662583662e-10 5.034286701485054e-11 4.5476413910243135e-12 1.799424996403191e-11 -4.6830325395880436e-11 3.08404840931582e-12 2.5137262203231688e-12 -4.326822615633048e-12 -8.3033012347991e-13 5.009440937391122e-12]
[6.8609258979176925e-9 -1.5509680129829333e-9 -1.6609161767068392e-10 -5.171248789596306e-10 1.2332241602140898e-9 -1.4368745842093522e-10 -8.13063283620998e-11 1.4254011356387503e-10 2.8173062511664615e-11 -1.5963057491418624e-10; -1.5509680129829333e-9 9.092441417835636e-10 2.565984422702621e-12 2.1673538041853453e-10 -5.468946957876539e-10 8.317774141108866e-12 2.754069347352161e-11 -5.6707311832120764e-11 -1.828364898339227e-11 4.8812806978477545e-11; -1.6609161767068392e-10 2.565984422702621e-12 2.6215319061577645e-11 1.0815120569435926e-11 -2.4988546150658357e-11 6.262671263234932e-12 5.543465684051478e-13 -5.2320865540796655e-12 -9.107985975599373e-13 3.970928258631888e-12; -5.171248789596306e-10 2.1673538041853453e-10 1.0815120569435926e-11 8.217019122874972e-11 -1.8211501216325873e-10 6.0684132177985275e-12 8.661707009870396e-12 -1.4673645670011307e-11 -4.356274669416902e-12 1.696949476164186e-11; 1.2332241602140898e-9 -5.468946957876539e-10 -2.4988546150658357e-11 -1.8211501216325873e-10 5.812282522232899e-10 -1.707431413482504e-11 -2.616314697181953e-11 4.511972795095992e-11 1.1612788144545954e-11 -4.433561735972191e-11; -1.4368745842093522e-10 8.317774141108866e-12 6.262671263234932e-12 6.0684132177985275e-12 -1.707431413482504e-11 9.511476798545888e-12 8.651001635045441e-13 -6.705180485959856e-13 -2.335304442239038e-13 3.3380048455435645e-12; -8.13063283620998e-11 2.754069347352161e-11 5.543465684051478e-13 8.661707009870396e-12 -2.616314697181953e-11 8.651001635045441e-13 1.7423954332500544e-12 -2.2895407691021905e-12 -3.221676148072558e-13 2.2140959317549416e-12; 1.4254011356387503e-10 -5.6707311832120764e-11 -5.2320865540796655e-12 -1.4673645670011307e-11 4.511972795095992e-11 -6.705180485959856e-13 -2.2895407691021905e-12 1.090529076649001e-11 1.8409183100673883e-12 -3.7436564862599175e-12; 2.8173062511664615e-11 -1.828364898339227e-11 -9.107985975599373e-13 -4.356274669416902e-12 1.1612788144545954e-11 -2.335304442239038e-13 -3.221676148072558e-13 1.8409183100673883e-12 1.1290895084623548e-12 -9.660836774841706e-13; -1.5963057491418624e-10 4.8812806978477545e-11 3.970928258631888e-12 1.696949476164186e-11 -4.433561735972191e-11 3.3380048455435645e-12 2.2140959317549416e-12 -3.7436564862599175e-12 -9.660836774841706e-13 4.773229124449151e-12]
[0.0004763390466095418 -0.000993025117314054 0.00020408321003608342 -0.00028016309614265454; -0.000993025117314054 0.0020701617765105634 -0.00042545274361360737 0.0005840566591414539; 0.00020408321003608342 -0.00042545274361360737 8.74376288685099e-5 -0.00012003337656222493; -0.00028016309614265454 0.0005840566591414539 -0.00012003337656222493 0.00016478044618707565]
[4.0560333392203573e-13 4.857179822438575e-14 -1.7836916636306736e-14 -3.868720112836909e-15; 4.857179822438575e-14 1.2157523857260774e-13 7.550334193621498e-15 5.89922659188902e-15; -1.7836916636306736e-14 7.550334193621498e-15 1.040629775728518e-14 -2.5301178561284065e-15; -3.868720112836909e-15 5.89922659188902e-15 -2.5301178561284065e-15 8.17610138932681e-15]
[0.047471774715666874 -0.0232090546999673 0.0005998707192806547 -0.013586825424193686; -0.0232090546999673 0.011346957720951146 -0.0002932781111928409 0.006642628731581523; 0.0005998707192806547 -0.0002932781111928409 7.580186617960081e-6 -0.0001716880995280993; -0.013586825424193686 0.006642628731581523 -0.0001716880995280993 0.0038886649238258205]
[4.3239335178830084e-11 1.5860534745607552e-11 -1.5519678450698596e-12 1.9385514250955474e-13; 1.5860534745607552e-11 1.700671409109155e-11 2.7521185676826733e-13 5.244470831571868e-13; -1.5519678450698596e-12 2.7521185676826733e-13 7.275845334812735e-13 -2.510482012722562e-13; 1.9385514250955474e-13 5.244470831571868e-13 -2.510482012722562e-13 6.88793619362134e-13]
[1.633229281480019e-12 6.6452888096306e-14 -3.418542354174657e-14 -1.2485374612770998e-13; 6.6452888096306e-14 1.135324001325652e-12 -1.7849075308590565e-13 2.109635884242982e-13; -3.418542354174657e-14 -1.7849075308590565e-13 6.309298631390113e-14 -3.661483146133227e-14; -1.2485374612770998e-13 2.109635884242982e-13 -3.661483146133227e-14 9.152510958913345e-14]
[7.326272047619725e-13 4.8722820068192535e-14 -4.2954576980073915e-14 6.6310962241361136e-15; 4.8722820068192535e-14 1.9987819050697027e-13 2.610571848671312e-15 8.917804984575586e-15; -4.2954576980073915e-14 2.610571848671312e-15 2.04556651067726e-14 -7.053175491004821e-15; 6.6310962241361136e-15 8.917804984575586e-15 -7.053175491004821e-15 1.5664817831340794e-14]
[7.036905943589778e-11 2.993696043974276e-11 -2.4234922398573338e-12 4.4771225712775056e-12; 2.993696043974276e-11 3.257868839899367e-11 -1.8898296927243835e-12 5.686063378310919e-12; -2.4234922398573338e-12 -1.8898296927243835e-12 8.640400489329672e-13 -5.213950525273423e-13; 4.4771225712775056e-12 5.686063378310919e-12 -5.213950525273423e-13 1.9820274933408713e-12]
[3.1411972147075908e-12 1.2481957264797918e-12 -7.35199209718289e-14 -2.7450892454919098e-14; 1.2481957264797918e-12 1.223639771090353e-12 3.82096549864658e-14 1.3409636995473685e-14; -7.35199209718289e-14 3.82096549864658e-14 5.348067125782755e-14 -2.278684775731394e-14; -2.7450892454919098e-14 1.3409636995473685e-14 -2.278684775731394e-14 4.911816837885243e-14]
[2.111840207435416e-11 9.910253367738021e-12 -4.943260308574919e-13 6.040742125824997e-13; 9.910253367738021e-12 1.0647528228025683e-11 2.0939614750481059e-13 7.001497969059185e-13; -4.943260308574919e-13 2.0939614750481059e-13 3.2790354695446894e-13 -7.195006519225695e-14; 6.040742125824997e-13 7.001497969059185e-13 -7.195006519225695e-14 3.1306063338113966e-13]
[4.194546932707939e-12 1.2068211819698396e-12 -8.151135539624416e-14 9.763652171858573e-14; 1.2068211819698396e-12 1.2460530228099267e-12 1.550936027006113e-13 4.188523448951843e-14; -8.151135539624416e-14 1.550936027006113e-13 6.207989153064005e-14 1.6090768820673165e-14; 9.763652171858573e-14 4.188523448951843e-14 1.6090768820673165e-14 2.866471907264737e-14]
